      81 -0.24308
       220 -0.0460092
     235 -0.04383
     330 0.142885
      452 -0.168571
     821 0.228007
     874 0.112302
     1078 -0.273977
    1130 0.249705
    1252 -0.22686
      1276 -0.0855059
    1340 0.138326
    1505 0.169271
    1832 0.179721
     2316 0.0804266
     2666 0.0788189
    2844 0.167028
     3077 -0.113031
     3107 -0.173193
    3567 0.206496
     3808 0.0475334
    3878 0.255867
      3914 -0.0344481
    4017 0.159237
      4036 -0.0291654
     4553 -0.252647
     4606 -0.266792
     4641 0.0172807
    4976 0.116798
     4986 -0.264913
     5211 -0.274532
     5732 -0.151065
     5777 -0.115362
      5918 -0.0904094
    5947 0.237624
      6133 -0.0911835
    6412 0.225307
    6463 0.104764
      6527 -0.0787224
    6612 0.199127
     6658 -0.156259
     6737 0.0539893
     6894 -0.104021
    7042 0.219768
      7053 -0.0727909
     7089 -0.122328
    7243 0.162162
     7362 -0.219906
      7446 -0.0656929
     7646 -0.150153